0.152 2.485
2.183 5.875
0.16 2.497
0.238 2.629
-0.997 0.566
0.008 2.244
0.578 3.195
1.165 4.175
-0.599 1.23
-0.805 0.886
1.704 5.076
-0.255 1.805
0.609 3.247
1.121 4.102
-0.568 1.282
1.283 4.373
2.058 5.666
0.618 3.263
1.498 4.731
1.719 5.101
-0.286 1.753
0.442 2.968
0.192 2.551
0.343 2.803
0.406 2.908
0.792 3.552
0.026 2.274
-0.976 0.601
0.367 2.843
1.043 3.973
0.457 2.993
-0.256 1.804
-0.186 1.921
0.364 2.839
0.131 2.45
0.692 3.386
0.409 2.913
1.296 4.395
0.067 2.342
0.86 3.666
-0.891 0.743
-1.868 -0.888
0.278 2.695
-0.179 1.932
2.554 6.494
-1.384 -0.079
0.179 2.53
1.553 4.823
-1.985 -1.083
0.717 3.427
