-0.343 -1.585
0.351 -0.86
-0.835 -0.28
2.182 0.287
2.74 1.31
0.289 2.174
0.017 -0.343
-0.119 2.516
-0.415 -1.43
1.473 -1.752
1.297 -0.259
1.694 -1.02
-0.548 0.216
1.652 1.364
1.354 -0.805
1.195 0.347
1.486 1.94
0.78 1.428
2.547 -0.097
-0.074 0.506
0.817 0.797
-1.261 -0.148
0.428 -0.04
0.135 0.97
-0.799 -0.153
2.544 0.552
-0.692 0.241
0.592 1.328
1.06 -0.035
2.084 0.8
1.322 0.116
1.4 0.727
1.856 0.213
1.847 -0.488
0.444 -0.136
3.106 -0.587
-0.158 1.051
1.518 1.27
1.851 0.055
0.858 -0.099
0.587 -0.816
0.314 1.086
1.636 2.452
0.729 0.99
1.587 1.669
1.953 0.574
0.37 1.022
1.321 -0.039
-1.081 0.967
2.36 0.478
