1.759 1
-0.61 1
1.236 1
-0.304 1
1.025 1
-1.656 1
0.771 1
0.767 1
-1.097 1
-0.862 1
-0.447 1
-0.996 1
-0.218 1
-0.024 1
-1.426 1
-1.102 1
-0.531 1
2.368 1
0.441 1
-2.115 1
0.516 1
-0.842 1
-0.032 1
0.537 1
-2.645 1
-0.872 1
0.528 1
0.529 1
2.055 1
0.954 1
-0.481 1
-0.788 1
1.306 1
-0.077 1
-2.01 1
0.934 1
0.18 1
0.773 1
1.009 1
-0.024 1
-1.863 1
-1.819 1
0.364 1
-0.156 1
-1.439 1
-1.614 1
0.808 1
0.517 1
-0.459 1
-1.551 1
0.589 2
-0.135 2
-1.819 2
1.0 2
2.084 2
-0.215 2
-0.241 2
-0.002 2
-1.496 2
0.901 2
0.371 2
-1.789 2
1.002 2
1.273 2
-1.459 2
2.629 2
0.663 2
-0.243 2
0.495 2
1.249 2
-0.68 2
-0.303 2
1.682 2
-2.496 2
1.0 2
1.113 2
-0.064 2
0.949 2
-0.807 2
-0.773 2
-0.018 2
0.373 2
2.133 2
-0.171 2
0.401 2
0.336 2
0.768 2
0.165 2
-1.775 2
0.017 2
0.576 2
-0.461 2
0.947 2
1.433 2
1.629 2
3.451 2
0.43 2
2.08 2
-0.383 2
-0.622 2
